35 4 60
(1, 0) 1
(2, 0) 2
(3, 0) 3
(4, 1) 1
(5, 1) 2
(6, 1) 3
(7, 0) 1
(7, 1) 1
(8, 0) 1
(8, 1) 2
(9, 0) 2
(9, 1) 1
(10, 2) 1
(11, 2) 2
(12, 2) 3
(13, 0) 1
(13, 2) 1
(14, 0) 1
(14, 2) 2
(15, 0) 2
(15, 2) 1
(16, 1) 1
(16, 2) 1
(17, 1) 1
(17, 2) 2
(18, 1) 2
(18, 2) 1
(19, 0) 1
(19, 1) 1
(19, 2) 1
(20, 3) 1
(21, 3) 2
(22, 3) 3
(23, 0) 1
(23, 3) 1
(24, 0) 1
(24, 3) 2
(25, 0) 2
(25, 3) 1
(26, 1) 1
(26, 3) 1
(27, 1) 1
(27, 3) 2
(28, 1) 2
(28, 3) 1
(29, 0) 1
(29, 1) 1
(29, 3) 1
(30, 2) 1
(30, 3) 1
(31, 2) 1
(31, 3) 2
(32, 2) 2
(32, 3) 1
(33, 0) 1
(33, 2) 1
(33, 3) 1
(34, 1) 1
(34, 2) 1
(34, 3) 1
