112 5 320
(1, 4) 1
(2, 3) 1
(3, 2) 1
(4, 1) 1
(5, 0) 1
(6, 0) 1
(6, 1) 1
(7, 1) 1
(7, 2) 1
(8, 0) 1
(8, 2) 1
(9, 0) 1
(9, 1) 1
(9, 2) 1
(10, 2) 1
(10, 3) 1
(11, 1) 1
(11, 3) 1
(12, 0) 1
(12, 3) 1
(13, 0) 1
(13, 1) 1
(13, 3) 1
(14, 1) 1
(14, 2) 1
(14, 3) 1
(15, 0) 1
(15, 2) 1
(15, 3) 1
(16, 0) 1
(16, 1) 1
(16, 2) 1
(16, 3) 1
(17, 3) 1
(17, 4) 1
(18, 2) 1
(18, 4) 1
(19, 1) 1
(19, 4) 1
(20, 0) 1
(20, 4) 1
(21, 0) 1
(21, 1) 1
(21, 4) 1
(22, 1) 1
(22, 2) 1
(22, 4) 1
(23, 0) 1
(23, 2) 1
(23, 4) 1
(24, 0) 1
(24, 1) 1
(24, 2) 1
(24, 4) 1
(25, 2) 1
(25, 3) 1
(25, 4) 1
(26, 1) 1
(26, 3) 1
(26, 4) 1
(27, 0) 1
(27, 3) 1
(27, 4) 1
(28, 0) 1
(28, 1) 1
(28, 3) 1
(28, 4) 1
(29, 1) 1
(29, 2) 1
(29, 3) 1
(29, 4) 1
(30, 0) 1
(30, 2) 1
(30, 3) 1
(30, 4) 1
(31, 0) 1
(31, 1) 1
(31, 2) 1
(31, 3) 1
(31, 4) 1
(32, 4) 2
(33, 3) 1
(33, 4) 2
(34, 2) 1
(34, 4) 2
(35, 1) 1
(35, 4) 2
(36, 0) 1
(36, 4) 2
(37, 0) 1
(37, 1) 1
(37, 4) 2
(38, 1) 1
(38, 2) 1
(38, 4) 2
(39, 0) 1
(39, 2) 1
(39, 4) 2
(40, 0) 1
(40, 1) 1
(40, 2) 1
(40, 4) 2
(41, 2) 1
(41, 3) 1
(41, 4) 2
(42, 1) 1
(42, 3) 1
(42, 4) 2
(43, 0) 1
(43, 3) 1
(43, 4) 2
(44, 0) 1
(44, 1) 1
(44, 3) 1
(44, 4) 2
(45, 1) 1
(45, 2) 1
(45, 3) 1
(45, 4) 2
(46, 0) 1
(46, 2) 1
(46, 3) 1
(46, 4) 2
(47, 0) 1
(47, 1) 1
(47, 2) 1
(47, 3) 1
(47, 4) 2
(48, 3) 2
(49, 2) 1
(49, 3) 2
(50, 1) 1
(50, 3) 2
(51, 0) 1
(51, 3) 2
(52, 0) 1
(52, 1) 1
(52, 3) 2
(53, 1) 1
(53, 2) 1
(53, 3) 2
(54, 0) 1
(54, 2) 1
(54, 3) 2
(55, 0) 1
(55, 1) 1
(55, 2) 1
(55, 3) 2
(56, 2) 2
(57, 1) 1
(57, 2) 2
(58, 0) 1
(58, 2) 2
(59, 0) 1
(59, 1) 1
(59, 2) 2
(60, 1) 2
(61, 0) 1
(61, 1) 2
(62, 0) 2
(63, 0) 2
(63, 1) 1
(64, 1) 2
(64, 2) 1
(65, 0) 1
(65, 1) 2
(65, 2) 1
(66, 0) 2
(66, 2) 1
(67, 0) 2
(67, 1) 1
(67, 2) 1
(68, 2) 2
(68, 3) 1
(69, 1) 1
(69, 2) 2
(69, 3) 1
(70, 0) 1
(70, 2) 2
(70, 3) 1
(71, 0) 1
(71, 1) 1
(71, 2) 2
(71, 3) 1
(72, 1) 2
(72, 3) 1
(73, 0) 1
(73, 1) 2
(73, 3) 1
(74, 0) 2
(74, 3) 1
(75, 0) 2
(75, 1) 1
(75, 3) 1
(76, 1) 2
(76, 2) 1
(76, 3) 1
(77, 0) 1
(77, 1) 2
(77, 2) 1
(77, 3) 1
(78, 0) 2
(78, 2) 1
(78, 3) 1
(79, 0) 2
(79, 1) 1
(79, 2) 1
(79, 3) 1
(80, 3) 2
(80, 4) 1
(81, 2) 1
(81, 3) 2
(81, 4) 1
(82, 1) 1
(82, 3) 2
(82, 4) 1
(83, 0) 1
(83, 3) 2
(83, 4) 1
(84, 0) 1
(84, 1) 1
(84, 3) 2
(84, 4) 1
(85, 1) 1
(85, 2) 1
(85, 3) 2
(85, 4) 1
(86, 0) 1
(86, 2) 1
(86, 3) 2
(86, 4) 1
(87, 0) 1
(87, 1) 1
(87, 2) 1
(87, 3) 2
(87, 4) 1
(88, 2) 2
(88, 4) 1
(89, 1) 1
(89, 2) 2
(89, 4) 1
(90, 0) 1
(90, 2) 2
(90, 4) 1
(91, 0) 1
(91, 1) 1
(91, 2) 2
(91, 4) 1
(92, 1) 2
(92, 4) 1
(93, 0) 1
(93, 1) 2
(93, 4) 1
(94, 0) 2
(94, 4) 1
(95, 0) 2
(95, 1) 1
(95, 4) 1
(96, 1) 2
(96, 2) 1
(96, 4) 1
(97, 0) 1
(97, 1) 2
(97, 2) 1
(97, 4) 1
(98, 0) 2
(98, 2) 1
(98, 4) 1
(99, 0) 2
(99, 1) 1
(99, 2) 1
(99, 4) 1
(100, 2) 2
(100, 3) 1
(100, 4) 1
(101, 1) 1
(101, 2) 2
(101, 3) 1
(101, 4) 1
(102, 0) 1
(102, 2) 2
(102, 3) 1
(102, 4) 1
(103, 0) 1
(103, 1) 1
(103, 2) 2
(103, 3) 1
(103, 4) 1
(104, 1) 2
(104, 3) 1
(104, 4) 1
(105, 0) 1
(105, 1) 2
(105, 3) 1
(105, 4) 1
(106, 0) 2
(106, 3) 1
(106, 4) 1
(107, 0) 2
(107, 1) 1
(107, 3) 1
(107, 4) 1
(108, 1) 2
(108, 2) 1
(108, 3) 1
(108, 4) 1
(109, 0) 1
(109, 1) 2
(109, 2) 1
(109, 3) 1
(109, 4) 1
(110, 0) 2
(110, 2) 1
(110, 3) 1
(110, 4) 1
(111, 0) 2
(111, 1) 1
(111, 2) 1
(111, 3) 1
(111, 4) 1
