1.20620968020231 1.18580217060148 0 0 0 0 0 0 -0.836441105977372 0
0 0 0 0 0 0.0654993186936364 -0.437572978743148 0 0 0
0 0 0 0 0 0 0 0 0 0
0.243771092907316 0 0 0.129123875883176 0 0 0.0360955854212187 0 0 -0.194902081317427
-0.682685163837069 0 0 0 0 0 0 0 -0.0190406985236796 0.659482415137494
0 0 0 0 0 0 0 0 0 0
0 0 0 0 0 0 0 0 0 0
0 0 0 0 0 0 0 0 0 0
1.38727711050334 0 0 0 0 0 0 0 0 0
0 0 0 0 0 -0.41840533302219 0 -1.53927934700007 0 -0.471244598122241
0 0 0.19155196924475 -0.292653400266671 0 0 0 0 0 0
0 0 -0.665636512069958 0 0 0 0 0 0 0
0 0 0.244560937570136 0 0 0 0 0.602082871766813 0 -1.61129367310132
0 0 0 0 0 -1.3341857706427 0 0 0 0
0 0 -0.369332529753583 0 0 0 0 0 0 0
0 0 0 0 0 0 0 -0.786931194827634 0 0
0 0 0 0 -0.202345849513649 0 0 0 0 0
0 -1.46169420139228 0 0.115694131104559 0 0 0 0 0 0
0 -0.160461435594167 0 0 0 0 0 0 -0.774718057632234 0
0 0 0 0 0 0 0 0 0 0
# last line comment